<?xml version="1.0" encoding="utf-8"?>
<COLLADA version="1.4.0" xmlns="http://www.collada.org/2005/11/COLLADASchema">
  <asset>
    <contributor>
      <author>www.makehuman.org</author>
    </contributor>
    <created>Tue, 13 Aug 2019 14:52:52 +0000</created>
    <modified>Tue, 13 Aug 2019 14:52:52 +0000</modified>
    <unit meter="0.1000" name="decimeter"/>
    <up_axis>Y_UP</up_axis>
  </asset>

  <library_images>
    <image id="brown_eye_png" name="brown_eye_png">
      <init_from>file://textures\brown_eye.png</init_from>
    </image>
    <image id="eyebrow009_png" name="eyebrow009_png">
      <init_from>file://textures\eyebrow009.png</init_from>
    </image>
    <image id="eyelashes01_png" name="eyelashes01_png">
      <init_from>file://textures\eyelashes01.png</init_from>
    </image>
    <image id="male_casualsuit06_diffuse_png" name="male_casualsuit06_diffuse_png">
      <init_from>file://textures\male_casualsuit06_diffuse.png</init_from>
    </image>
    <image id="male_casualsuit06_normal_png" name="male_casualsuit06_normal_png">
      <init_from>file://textures\male_casualsuit06_normal.png</init_from>
    </image>
  </library_images>

  <library_effects>
    <effect id="DefaultSkin-effect">
      <profile_COMMON>
        <technique sid="common">
          <phong>
            <diffuse>
              <color>0.2070 0.1130 0.0660 1.0000</color> 
            </diffuse>
            <transparency>
            </transparency>
            <specular>
              <color>0.3000 0.3000 0.3000 1.0000</color> 
            </specular>
            <shininess><float>245.76</float></shininess>
            <normal>
            </normal>
            <bump>
            </bump>
            <displacement>
            </displacement>
          </phong>
          <extra/>
        </technique>
        <extra>
          <technique profile="GOOGLEEARTH">
            <show_double_sided>1</show_double_sided>
          </technique>
        </extra>
      </profile_COMMON>
      <extra><technique profile="MAX3D"><double_sided>1</double_sided></technique></extra>
    </effect>
    <effect id="Eye_brown-effect">
      <profile_COMMON>
        <newparam sid="brown_eye_png-surface">
          <surface type="2D">
            <init_from>brown_eye_png</init_from>
          </surface>
        </newparam>
        <newparam sid="brown_eye_png-sampler">
          <sampler2D>
            <source>brown_eye_png-surface</source>
          </sampler2D>
        </newparam>
        <technique sid="common">
          <phong>
            <diffuse>
              <color>1.0000 1.0000 1.0000 0.0000</color> 
              <texture texture="brown_eye_png-sampler" texcoord="UVTex"/>
            </diffuse>
            <transparency>
              <texture texture="brown_eye_png-sampler" texcoord="UVTex"/>
            </transparency>
            <specular>
              <color>1.0000 1.0000 1.0000 0.0000</color> 
            </specular>
            <shininess><float>256.0</float></shininess>
            <normal>
            </normal>
            <bump>
            </bump>
            <displacement>
            </displacement>
          </phong>
          <extra/>
        </technique>
        <extra>
          <technique profile="GOOGLEEARTH">
            <show_double_sided>1</show_double_sided>
          </technique>
        </extra>
      </profile_COMMON>
      <extra><technique profile="MAX3D"><double_sided>1</double_sided></technique></extra>
    </effect>
    <effect id="eyebrow009-effect">
      <profile_COMMON>
        <newparam sid="eyebrow009_png-surface">
          <surface type="2D">
            <init_from>eyebrow009_png</init_from>
          </surface>
        </newparam>
        <newparam sid="eyebrow009_png-sampler">
          <sampler2D>
            <source>eyebrow009_png-surface</source>
          </sampler2D>
        </newparam>
        <technique sid="common">
          <phong>
            <diffuse>
              <color>1.0000 1.0000 1.0000 0.0000</color> 
              <texture texture="eyebrow009_png-sampler" texcoord="UVTex"/>
            </diffuse>
            <transparency>
              <texture texture="eyebrow009_png-sampler" texcoord="UVTex"/>
            </transparency>
            <specular>
              <color>0.0000 0.0000 0.0000 0.0000</color> 
            </specular>
            <shininess><float>128.0</float></shininess>
            <normal>
            </normal>
            <bump>
            </bump>
            <displacement>
            </displacement>
          </phong>
          <extra/>
        </technique>
        <extra>
          <technique profile="GOOGLEEARTH">
            <show_double_sided>1</show_double_sided>
          </technique>
        </extra>
      </profile_COMMON>
      <extra><technique profile="MAX3D"><double_sided>1</double_sided></technique></extra>
    </effect>
    <effect id="bodyMaterial-effect">
      <profile_COMMON>
        <newparam sid="eyelashes01_png-surface">
          <surface type="2D">
            <init_from>eyelashes01_png</init_from>
          </surface>
        </newparam>
        <newparam sid="eyelashes01_png-sampler">
          <sampler2D>
            <source>eyelashes01_png-surface</source>
          </sampler2D>
        </newparam>
        <technique sid="common">
          <phong>
            <diffuse>
              <color>1.0000 1.0000 1.0000 0.0000</color> 
              <texture texture="eyelashes01_png-sampler" texcoord="UVTex"/>
            </diffuse>
            <transparency>
              <texture texture="eyelashes01_png-sampler" texcoord="UVTex"/>
            </transparency>
            <specular>
              <color>0.0000 0.0000 0.0000 0.0000</color> 
            </specular>
            <shininess><float>128.0</float></shininess>
            <normal>
            </normal>
            <bump>
            </bump>
            <displacement>
            </displacement>
          </phong>
          <extra/>
        </technique>
        <extra>
          <technique profile="GOOGLEEARTH">
            <show_double_sided>1</show_double_sided>
          </technique>
        </extra>
      </profile_COMMON>
      <extra><technique profile="MAX3D"><double_sided>1</double_sided></technique></extra>
    </effect>
    <effect id="male_casualsuit06-effect">
      <profile_COMMON>
        <newparam sid="male_casualsuit06_diffuse_png-surface">
          <surface type="2D">
            <init_from>male_casualsuit06_diffuse_png</init_from>
          </surface>
        </newparam>
        <newparam sid="male_casualsuit06_diffuse_png-sampler">
          <sampler2D>
            <source>male_casualsuit06_diffuse_png-surface</source>
          </sampler2D>
        </newparam>
        <newparam sid="male_casualsuit06_normal_png-surface">
          <surface type="2D">
            <init_from>male_casualsuit06_normal_png</init_from>
          </surface>
        </newparam>
        <newparam sid="male_casualsuit06_normal_png-sampler">
          <sampler2D>
            <source>male_casualsuit06_normal_png-surface</source>
          </sampler2D>
        </newparam>
        <technique sid="common">
          <phong>
            <diffuse>
              <color>1.0000 1.0000 1.0000 0.0000</color> 
              <texture texture="male_casualsuit06_diffuse_png-sampler" texcoord="UVTex"/>
            </diffuse>
            <transparency>
              <texture texture="male_casualsuit06_diffuse_png-sampler" texcoord="UVTex"/>
            </transparency>
            <specular>
              <color>0.0275 0.0275 0.0275 0.0000</color> 
            </specular>
            <shininess><float>50.2016</float></shininess>
            <normal>
              <texture texture="male_casualsuit06_normal_png-sampler" texcoord="UVTex"/>
            </normal>
            <bump>
            </bump>
            <displacement>
            </displacement>
          </phong>
          <extra/>
        </technique>
        <extra>
          <technique profile="GOOGLEEARTH">
            <show_double_sided>1</show_double_sided>
          </technique>
        </extra>
      </profile_COMMON>
      <extra><technique profile="MAX3D"><double_sided>1</double_sided></technique></extra>
    </effect>
  </library_effects>

  <library_materials>
    <material id="DefaultSkin" name="DefaultSkin">
      <instance_effect url="#DefaultSkin-effect"/>
    </material>
    <material id="Eye_brown" name="Eye_brown">
      <instance_effect url="#Eye_brown-effect"/>
    </material>
    <material id="eyebrow009" name="eyebrow009">
      <instance_effect url="#eyebrow009-effect"/>
    </material>
    <material id="bodyMaterial" name="bodyMaterial">
      <instance_effect url="#bodyMaterial-effect"/>
    </material>
    <material id="male_casualsuit06" name="male_casualsuit06">
      <instance_effect url="#male_casualsuit06-effect"/>
    </material>
  </library_materials>

  <library_controllers>

    <controller id="human-male1591-skin">
      <skin source="#human-male1591Mesh">
        <bind_shape_matrix>
          1 0 0 0
          0 1 0 0
          0 0 1 0
          0 0 0 1
        </bind_shape_matrix>
        <source id="human-male1591-skin-joints">
          <IDREF_array count="53" id="human-male1591-skin-joints-array">
            Root pelvis spine_01 thigh_l thigh_r spine_02 calf_l calf_r spine_03 foot_l foot_r clavicle_l clavicle_r neck_01 ball_l ball_r upperarm_l upperarm_r head lowerarm_l lowerarm_r hand_l hand_r index_01_l middle_01_l pinky_01_l ring_01_l thumb_01_l index_01_r middle_01_r pinky_01_r ring_01_r thumb_01_r index_02_l middle_02_l pinky_02_l ring_02_l thumb_02_l index_02_r middle_02_r pinky_02_r ring_02_r thumb_02_r index_03_l middle_03_l pinky_03_l ring_03_l thumb_03_l index_03_r middle_03_r pinky_03_r ring_03_r thumb_03_r
          </IDREF_array>
          <technique_common>
            <accessor count="53" source="#human-male1591-skin-joints-array" stride="1">
              <param type="IDREF" name="JOINT"></param>
            </accessor>
          </technique_common>
        </source>
        <source id="human-male1591-skin-weights">
          <float_array count="2619" id="human-male1591-skin-weights-array">
           0.00823103 0.00837055 0.00233896 0.00837055 0.00107214 0.00233896 0.00254149 0.115783 0.105334 0.0328947 0.000304183 0.109569 0.0229054 0.0372461 0.00030415 0.0517651 0.232821 0.205722 0.00191035 0.0882068 0.00949992 0.00061588 0.0259273 0.0254469 0.0119435 0.204781 0.00183412 0.0151638 0.00371801 0.0822562 0.088289 0.00949918 0.000615853 0.00114673 0.105245 0.0259272 0.0132651 0.0118426 0.0079869 0.00802499 0.998592 0.995866 0.915341 0.915922 0.491784 0.524345 0.99727 0.94301 0.645656 0.99811 0.944894 0.698323 0.998603 0.950106 0.646982 0.999881 0.943605 0.640714 1.0 0.957714 0.599478 1.0 0.974703 0.687345 0.0348333 0.0666706 0.0428709 0.0243919 0.030864 0.0151945 0.00577394 0.00821165 0.00259749 0.000117732 1.0 1.0 0.999119 0.989782 0.46099 0.619403 1.0 0.998457 0.685121 1.0 1.0 0.768868 1.0 0.988717 0.745896 1.0 0.996496 0.697425 1.0 0.992496 0.654354 1.0 1.0 0.735762 0.00854547 0.0428709 0.0243919 0.0308881 0.0151945 0.00577394 0.00821165 0.00259749 0.000117732 0.3265 0.142029 0.225367 0.105359 0.178797 0.0804376 0.148753 0.0654614 0.408988 0.265868 0.166493 0.00434738 0.000991675 0.0126521 0.0324647 0.00494801 0.000347071 0.0390398 0.000522304 0.0668466 0.0732318 0.0931787 0.130921 0.212582 0.262827 0.508812 0.688323 0.0865066 0.237826 0.348325 0.643165 0.680573 0.921538 0.876559 0.215833 0.685735 0.83938 0.0344972 0.129858 0.781705 0.962831 0.48936 0.0407119 0.342145 0.609885 0.36429 0.0917881 0.0166201 0.0623741 0.0818068 0.721045 0.591531 0.717906 0.851151 0.844366 0.619409 0.387916 0.303844 0.21334 0.214904 0.244843 0.326213 0.594584 0.480338 0.0717269 0.247177 0.902474 0.973477 0.974291 0.964982 0.318706 0.139494 0.224108 0.105404 0.178786 0.0804762 0.148757 0.0655029 0.408898 0.263783 0.166533 0.00434738 0.000991665 0.0124816 0.0178427 0.0324649 0.00494801 0.000347071 0.0390422 0.000522304 0.0668466 0.0732318 0.0932203 0.130936 0.212582 0.262894 0.508856 0.688323 0.086536 0.237739 0.348322 0.677279 0.922913 0.883517 0.974662 0.803565 0.893766 0.872126 0.215824 0.685746 0.83938 0.934494 0.0344972 0.129944 0.781705 0.962831 0.48936 0.0407125 0.342155 0.609843 0.364298 0.0917838 0.0166201 0.062373 0.0818068 0.711585 0.71997 0.592717 0.71693 0.845972 0.605277 0.80427 0.442489 0.387916 0.303821 0.213396 0.21492 0.245004 0.324193 0.475943 0.156146 0.375646 0.717932 0.952991 0.840448 0.973477 0.986735 0.965306 0.981602 0.970569 0.00140783 0.004134 0.0846587 0.084078 0.508216 0.475655 0.00273 0.0569902 0.354344 0.00188977 0.055106 0.301677 0.00139653 0.0498943 0.353017 0.000119126 0.0563955 0.359286 0.0422859 0.400521 0.0252974 0.312655 0.965167 0.933329 0.857056 0.855289 1.0 0.900877 0.957129 0.975608 0.969136 1.0 1.0 1.0 1.0 1.0 0.984805 1.0 1.0 1.0 0.975312 0.945707 0.994226 1.0 1.0 0.866949 1.0 1.0 0.98967 0.977389 1.0 0.0112893 0.0157629 1.0 0.00088148 0.0102182 0.53901 0.380597 0.00154267 0.314879 0.231132 0.0112834 0.254104 0.00350421 0.302575 0.00750443 0.345646 0.264238 1.0 0.991455 0.857056 0.855289 1.0 0.900877 0.957129 0.975608 0.969112 1.0 1.0 1.0 1.0 1.0 0.984805 1.0 1.0 1.0 0.975351 0.945707 0.994226 1.0 1.0 0.866919 1.0 1.0 0.98967 0.977389 1.0 0.0112882 0.0157645 1.0 0.0663247 0.0257281 0.0464838 0.000130981 0.031644 0.00774667 0.0618624 0.0168243 0.068696 0.0194264 0.0278231 0.0116836 0.325017 0.407471 0.355777 0.000511587 0.000285452 0.00683407 0.00102373 0.00406318 0.00383213 0.000179564 0.0168229 0.0169077 0.000798416 0.26904 0.128609 0.0199304 0.443466 0.447521 0.426855 0.0737585 0.0605574 0.00416631 0.0268161 0.386261 0.208655 0.093829 0.004514 0.330923 0.355876 0.0996773 0.0167872 0.182597 0.329323 0.0446608 0.00388132 0.0337794 0.10706 0.0561279 0.0685125 0.169863 0.0595501 0.164661 0.0428318 0.195586 0.234295 0.142265 0.161247 0.0589915 0.00163653 0.0378982 0.0946862 0.0946834 0.188791 0.152815 0.0917246 0.002889 0.00980689 0.000162354 0.0226458 0.000595621 0.0228519 0.00520547 0.0214061 0.0319145 0.00774722 0.0630108 0.0168573 0.0688007 0.0194276 0.027847 0.0116839 0.325486 0.420234 0.355936 0.000511587 0.00683403 0.00102373 0.00413287 0.00383213 0.000179564 0.0168237 0.0169311 0.000798416 0.269179 0.128869 0.0199304 0.443614 0.448917 0.426903 0.075058 0.386284 0.208691 0.093829 0.330951 0.356327 0.0996773 0.0167872 0.182512 0.329329 0.0446503 0.0038815 0.0337786 0.106994 0.0561279 0.0693791 0.169934 0.0595501 0.164173 0.196414 0.236225 0.069635 0.143871 0.162884 0.00163653 0.0379714 0.0948284 0.0947521 0.189182 0.155297 0.0203064 0.0928491 0.0465563 0.00059568 0.000130981 0.0230749 0.000151122 0.00600376 0.0398929 0.0625716 0.0014945 0.00604824 0.000162354 0.0226458 0.00520547 0.000356892 0.0290404 0.0349428 0.00405202 0.00434638 0.0118079 0.00486088 0.0325362 0.0447431 0.016209 0.0578103 0.443852 0.369712 0.510899 0.396811 0.562898 0.432877 0.624547 0.503062 0.200906 0.203447 0.336266 0.197573 0.215181 0.231956 0.207156 0.00757892 0.545608 0.218947 0.000769615 0.0266309 0.056876 0.0152877 0.0704133 0.184384 0.388213 0.0273022 0.377389 0.593195 0.00301746 0.0202232 0.442272 0.640234 0.0182758 0.429637 0.653789 0.657457 0.694523 0.668438 0.40422 0.354247 0.288001 0.139413 0.0457984 0.0168916 0.15121 0.0618778 0.0570827 0.0105352 0.0992406 0.0102052 0.0946107 0.0964921 0.11629 0.0873597 0.00316376 0.0263769 0.0128898 0.197453 0.57652 0.631498 0.651125 0.623727 0.505602 0.451621 0.310871 0.376722 0.42744 0.642297 0.645521 0.053805 0.000356892 0.0290404 0.0349428 0.00405202 0.00434638 0.0118079 0.00486088 0.0325362 0.0447751 0.016209 0.0578479 0.452026 0.372271 0.513892 0.396815 0.563022 0.432855 0.624564 0.503041 0.20147 0.217732 0.3363 0.197105 0.215172 0.232126 0.23147 0.207294 0.00757892 0.54559 0.217814 0.000769615 0.0266309 0.056876 0.0152877 0.0704133 0.184416 0.388213 0.0273022 0.377389 0.593236 0.00290169 0.0202232 0.442272 0.640234 0.0182758 0.429637 0.653789 0.657426 0.694542 0.668438 0.404222 0.354463 0.288001 0.139461 0.0473686 0.0169539 0.1512 0.0619044 0.0570827 0.0543909 0.0105494 0.108212 0.185444 0.0104842 0.0102052 0.0946107 0.0964921 0.11629 0.0873597 0.00316376 0.0933571 0.0295814 0.213227 0.0741673 0.529681 0.57652 0.631595 0.65119 0.623775 0.505723 0.456698 0.382289 0.367177 0.421343 0.276885 0.142944 0.144711 0.0991233 0.024688 0.0542929 0.133051 1.0 1.0 1.0 1.0 0.991788 0.997402 1.0 1.0 0.0102125 0.022611 1.0 1.0 1.0 0.988711 0.984237 1.0 1.0 1.0 0.142944 0.144711 0.0991233 0.0246494 0.0542929 0.133081 1.0 1.0 1.0 1.0 0.991788 0.997402 1.0 1.0 0.0102125 0.022611 1.0 1.0 1.0 0.988712 0.984236 1.0 1.0 1.0 0.002243 0.00412815 0.000535348 0.0047453 0.00118988 0.0032502 0.000436456 0.0608788 0.109107 0.133254 0.000633128 0.000481972 0.0582216 0.00384013 0.328876 0.267371 0.207869 0.00149398 0.0559259 0.00600811 0.165901 0.245191 0.0431986 0.00916037 0.623903 0.51418 0.118617 0.0203815 0.328043 0.629964 0.613184 0.376472 0.601922 0.801157 0.927252 0.869114 0.830137 0.858643 0.972471 0.644383 0.984873 0.989809 1.0 1.0 0.978619 1.0 0.968173 0.719385 0.544377 0.446831 0.474707 0.653592 0.729034 0.68891 0.0148355 0.211697 0.0191939 0.0111477 0.0107613 0.000213877 0.00789714 0.019988 0.0194083 0.0142234 0.000417915 0.00420419 0.000535374 0.00474563 0.00118995 0.00324988 0.0004365 0.0608831 0.1085 0.13317 0.000633122 0.00048198 0.0581504 0.00384013 0.328805 0.267459 0.207881 0.00149383 0.245148 0.0431999 0.00916037 0.623889 0.513815 0.118617 0.0203815 0.328128 0.629959 0.613205 0.376429 0.601931 0.801218 0.927252 0.868247 0.830066 0.858643 0.972447 0.644383 0.987186 0.987232 1.0 1.0 0.977698 1.0 0.968432 0.719385 0.544377 0.446831 0.474707 0.653592 0.729034 0.68891 0.0148351 0.212056 0.0194919 0.0111471 0.0107627 0.000213877 0.00789664 0.0199868 0.0193531 0.0143692 0.002243 0.000153285 1.0 1.0 1.0 1.0 1.0 1.0 1.0 1.0 1.0 1.0 1.0 1.0 1.0 1.0 1.0 1.0 1.0 1.0 1.0 1.0 1.0 1.0 1.0 1.0 1.0 1.0 1.0 1.0 1.0 1.0 1.0 1.0 1.0 1.0 1.0 1.0 1.0 1.0 1.0 0.999643 1.0 1.0 0.97096 1.0 0.965057 1.0 1.0 0.995948 1.0 0.995654 0.988192 1.0 1.0 0.995139 1.0 1.0 1.0 1.0 1.0 1.0 1.0 1.0 1.0 1.0 1.0 1.0 1.0 1.0 1.0 1.0 1.0 1.0 1.0 1.0 1.0 1.0 1.0 1.0 1.0 1.0 1.0 1.0 1.0 1.0 1.0 1.0 1.0 1.0 1.0 1.0 1.0 1.0 1.0 1.0 1.0 1.0 1.0 1.0 1.0 1.0 1.0 1.0 1.0 1.0 1.0 1.0 1.0 1.0 0.967464 1.0 1.0 1.0 0.955257 1.0 1.0 1.0 1.0 1.0 1.0 1.0 0.983791 1.0 1.0 1.0 1.0 1.0 1.0 0.94219 1.0 1.0 1.0 1.0 1.0 1.0 1.0 1.0 1.0 1.0 1.0 1.0 1.0 1.0 1.0 1.0 0.197733 0.480511 0.196519 0.480438 0.184758 0.466068 0.195603 0.419356 0.00373684 0.00195103 0.00813542 0.798079 0.783827 0.754881 0.792844 0.992421 0.41446 0.781053 1.0 1.0 1.0 1.0 1.0 1.0 1.0 1.0 1.0 1.0 1.0 1.0 1.0 1.0 1.0 1.0 1.0 1.0 0.99923 0.973369 0.943124 1.0 1.0 1.0 1.0 0.984712 1.0 0.929587 0.815616 0.605815 0.972698 0.622263 0.363632 0.996983 0.979777 0.557205 0.289088 1.0 0.981724 0.570363 0.2728 1.0 1.0 0.232059 1.0 0.157626 0.118181 0.00562303 1.0 0.00423249 0.00374541 0.00166136 0.00152495 0.000495892 0.000547562 0.000127442 1.0 1.0 1.0 1.0 1.0 1.0 1.0 1.0 1.0 1.0 1.0 1.0 0.000706319 1.0 1.0 1.0 1.0 1.0 1.0 1.0 1.0 1.0 1.0 1.0 1.0 1.0 0.989795 1.0 0.905389 0.903508 0.88371 0.91264 1.0 1.0 1.0 1.0 0.996836 1.0 1.0 1.0 1.0 1.0 1.0 0.00948997 0.0339277 0.0264729 0.0328095 0.0466297 0.04102 0.0524998 0.0485099 0.050091 1.0 1.0 1.0 1.0 1.0 0.57256 0.285976 0.107303 1.0 0.946195 1.0 1.0 1.0 1.0 1.0 1.0 1.0 1.0 1.0 1.0 1.0 1.0 1.0 1.0 1.0 1.0 1.0 1.0 1.0 1.0 1.0 1.0 1.0 1.0 1.0 1.0 1.0 1.0 1.0 1.0 1.0 1.0 1.0 1.0 1.0 1.0 1.0 1.0 1.0 1.0 1.0 1.0 1.0 1.0 0.999643 1.0 1.0 0.97096 1.0 0.965057 1.0 1.0 0.995948 1.0 0.995654 0.988192 1.0 1.0 0.995139 1.0 1.0 1.0 1.0 1.0 1.0 1.0 1.0 1.0 1.0 1.0 1.0 1.0 1.0 1.0 1.0 1.0 1.0 1.0 1.0 1.0 1.0 1.0 1.0 1.0 1.0 1.0 1.0 1.0 1.0 1.0 1.0 1.0 1.0 1.0 1.0 1.0 1.0 1.0 1.0 1.0 1.0 1.0 1.0 1.0 1.0 1.0 1.0 1.0 1.0 1.0 1.0 1.0 0.967464 1.0 1.0 1.0 0.955225 1.0 1.0 1.0 1.0 1.0 1.0 1.0 0.983791 1.0 1.0 1.0 1.0 1.0 1.0 0.942152 1.0 1.0 1.0 1.0 1.0 1.0 1.0 1.0 1.0 1.0 1.0 1.0 1.0 1.0 1.0 1.0 0.197624 0.480488 0.19601 0.480421 0.18475 0.466052 0.195606 0.419336 0.00373646 0.00190688 0.0081364 0.798547 0.783836 0.754881 0.75025 0.792706 0.992421 0.414478 0.782186 1.0 1.0 1.0 1.0 1.0 1.0 1.0 1.0 1.0 1.0 1.0 1.0 1.0 1.0 1.0 1.0 1.0 1.0 1.0 0.99923 0.973369 0.943124 1.0 1.0 1.0 1.0 0.984712 1.0 0.929587 0.815584 0.605815 0.972698 0.622263 0.363658 0.997098 0.979777 0.557205 0.289088 1.0 0.981724 0.570363 0.2728 1.0 0.232049 1.0 0.157615 0.118181 0.00562269 1.0 0.00423249 0.00374541 0.00166136 0.00152484 0.000495872 0.000547562 0.000597702 0.000127442 1.0 1.0 1.0 1.0 1.0 1.0 1.0 1.0 1.0 0.000706389 0.0118614 0.989516 1.0 1.0 1.0 1.0 1.0 1.0 1.0 1.0 1.0 1.0 0.989795 1.0 0.905389 0.903508 0.88371 0.91264 1.0 1.0 1.0 1.0 0.996836 0.906643 1.0 1.0 1.0 1.0 1.0 1.0 1.0 0.00948837 0.0278305 0.0339277 0.026471 0.0328306 0.0466338 0.041073 0.0520709 0.0500436 1.0 1.0 1.0 1.0 1.0 1.0 1.0 1.0 1.0 0.472293 1.0 1.0 0.187156 1.0 0.00485816 0.232578 0.36402 0.305891 0.420232 0.419235 0.327344 0.435309 0.0817502 0.0783893 0.0432447 0.0218165 0.0283085 0.0037927 0.0517455 0.26225 0.0275295 0.355617 0.0151268 0.0101907 0.021381 0.0318269 0.280616 0.455623 0.553169 0.525293 0.346408 0.270966 0.31109 1.0 1.0 1.0 1.0 1.0 1.0 1.0 1.0 0.232843 0.363274 0.307491 0.425801 0.419395 0.32666 0.44057 0.0814687 0.0783556 0.043079 0.0216983 0.0297223 0.00713251 0.0011556 0.0037927 0.0511634 0.267094 0.027553 0.355617 0.0128141 0.0127676 0.0223024 0.0315677 0.280616 0.455623 0.553169 0.525293 0.346408 0.270966 0.31109 1.0 1.0 1.0 1.0 1.0 1.0 1.0 1.0 0.734488 0.593783 0.694109 0.579768 0.558976 0.652336 0.564691 0.91825 0.921611 0.956755 0.885067 0.613316 0.00112508 0.0145952 0.0641453 0.0623337 0.0909244 0.000786816 0.0799166 0.0066853 0.00799379 0.035233 0.0973538 0.0179235 0.0179255 0.0379645 0.185562 0.0312279 0.0146287 0.0196195 0.000750128 0.0270629 0.0427356 0.00284369 0.126297 0.286096 0.293009 0.392141 0.247601 0.119807 0.246889 0.157914 0.268581 0.122406 0.254786 0.399701 0.148098 0.861441 0.923021 0.369619 1.0 0.993137 1.0 0.998714 0.948254 0.240312 0.993466 0.293586 0.522186 0.390408 0.406057 0.83836 0.73775 0.968633 0.620397 0.915921 0.60807 0.577039 0.798514 0.816302 0.830716 0.868696 0.656876 0.550622 1.0 1.0 0.760982 1.0 0.0545095 0.878384 1.0 1.0 0.866341 0.931339 1.0 1.0 0.734195 0.594532 0.692509 0.574199 0.558816 0.653021 0.55943 0.918531 0.921644 0.956921 0.885277 0.608279 0.00112493 0.0145952 0.0641453 0.0623337 0.0909244 0.000786816 0.0799166 0.0066853 0.00799379 0.035233 0.0011556 0.0973538 0.0179235 0.0179255 0.0427387 0.185579 0.0312279 0.0146287 0.0196195 0.000750128 0.0270629 0.0427356 0.00284369 0.126297 0.286096 0.292886 0.392141 0.247522 0.119826 0.246889 0.157914 0.268581 0.122408 0.254744 0.399701 0.148098 0.861441 0.924779 0.369619 1.0 0.993136 1.0 0.998714 0.948837 0.240312 0.993466 0.293586 0.522204 0.390408 0.406057 0.83836 0.732906 0.968633 0.61757 0.915921 0.60807 0.577039 0.798521 0.816302 0.830716 0.869883 0.656872 0.550615 1.0 1.0 0.760982 1.0 0.0545095 0.878384 1.0 1.0 0.866341 0.931339 1.0 1.0 0.0186321 0.0194606 0.281778 0.252183 0.764884 0.758298 0.897213 0.977008 0.00453607 0.355935 0.753944 0.954206 0.198629 0.69761 0.952315 0.00355955 0.161315 0.616999 0.627291 0.819935 0.673751 0.299936 0.00710181 0.0354576 0.00550182 0.185533 0.307213 0.164884 0.600299 0.8461 0.00443924 0.689073 0.349147 0.0840794 0.130298 0.130117 0.135881 0.000262754 0.00309318 0.00424744 0.187147 0.0970835 0.000333424 0.807217 0.755339 0.956056 0.933647 0.115091 0.112025 0.113457 0.80138 0.988931 0.145732 0.568805 0.957894 0.0240196 0.78497 0.987355 0.0092679 0.570627 0.951907 0.0381536 0.00465804 0.198224 0.117407 0.558822 0.534874 0.566535 0.267382 0.00580261 0.0173413 0.0304566 0.261632 0.164752 0.00118634 0.207243 0.179408 0.0455134 0.0279365 0.366269 0.1013 0.784771 0.662489 0.935439 0.957264 0.567197 0.0306215 0.0480882 0.588176 0.97405 0.0168322 0.35432 0.640121 0.752865 0.00961151 0.000372177 0.0217088 0.101709 0.692715 0.9446 0.00378907 0.0292645 0.209883 0.767627 0.895109 0.505248 0.788262 0.375431 0.630381 0.00128571 0.759688 0.00653407 0.00362004 0.113069 0.183698 0.169284 0.191038 0.934381 0.121616 0.0130033 0.0188204 0.00220333 0.101616 0.129218 0.375788 0.430998 0.936328 0.985955 0.0178272 0.107934 0.441622 0.837699 0.16961 0.507957 0.0721126 0.0768351 0.589268 0.991824 0.0928647 0.505223 0.939343 0.0946641 0.0912111 0.003899 0.0155926 0.247151 0.138424 0.681969 0.856077 0.00875582 0.610213 0.369783 0.00686338 0.254588 0.0884169 0.26997 0.0479798 0.0329337 0.0421976 0.0217891 0.0203197 0.0931162 0.33146 0.000562539 0.219623 0.161077 0.00264584 0.0641965 0.553939 0.105341 0.658871 0.66626 0.479352 0.306618 0.0157718 0.0177372 0.0934532 0.376271 0.552498 0.16164 0.0313674 0.120909 0.0686606 0.0186321 0.0194606 0.281778 0.252183 0.764884 0.758298 0.897503 0.977008 0.00453607 0.355935 0.753944 0.954206 0.198629 0.69761 0.952357 0.00355955 0.161315 0.616999 0.627283 0.819935 0.673751 0.299936 0.00710181 0.0354576 0.00550182 0.185533 0.307213 0.164884 0.600299 0.846116 0.00443924 0.689073 0.353302 0.0840794 0.130298 0.130117 0.135884 0.00309318 0.187138 0.0970835 0.000333424 0.807217 0.755339 0.956056 0.933647 0.115091 0.112025 0.113457 0.80138 0.988931 0.145732 0.568805 0.957894 0.0240196 0.78497 0.987355 0.0092679 0.570627 0.951907 0.0381536 0.00465804 0.198224 0.117407 0.558822 0.534874 0.566535 0.267391 0.00578618 0.0173413 0.0291275 0.261632 0.164752 0.207244 0.179414 0.0455122 0.0279894 0.366269 0.1013 0.784734 0.662489 0.935439 0.957264 0.567197 0.0306215 0.0480882 0.588176 0.974031 0.0168322 0.35432 0.640121 0.752865 0.00961151 0.000372173 0.0216478 0.101709 0.692715 0.9446 0.00378907 0.0292962 0.209883 0.767627 0.895109 0.505314 0.788262 0.375438 0.630381 0.00128571 0.759688 0.00653407 0.00362004 0.113072 0.183698 0.169284 0.191038 0.934381 0.121616 0.0130033 0.0188204 0.00220333 0.101616 0.129218 0.375788 0.430998 0.936328 0.985955 0.0178272 0.107934 0.441622 0.837699 0.16961 0.507957 0.0721126 0.0768351 0.589268 0.991824 0.0928647 0.505223 0.939343 0.0946641 0.0912111 0.003899 0.0155926 0.247164 0.138424 0.68195 0.856077 0.00875582 0.610201 0.369817 0.00686406 0.254588 0.0884062 0.269971 0.0479798 0.0329624 0.0421935 0.0217891 0.0203197 0.093025 0.33477 0.000562464 0.219623 0.161077 0.00264584 0.0641965 0.553939 0.105341 0.658871 0.66626 0.479475 0.306618 0.0157718 0.0173224 0.0934253 0.376271 0.552498 0.16164 0.0313674 0.120909 0.0686606 0.237828 0.163678 0.830562 0.856545 0.718222 0.747817 0.235117 0.241703 0.0054329 0.00197569 0.1052 0.720816 0.644065 0.246057 0.0278685 0.0287031 0.625345 0.801371 0.302389 0.00547287 0.137342 0.696807 0.838685 0.383001 0.0517534 0.325916 0.700064 0.755815 0.129412 0.192783 0.244661 0.0163117 0.0112761 0.884909 0.887975 0.4882 0.408238 0.0352281 0.00130303 0.0137738 0.462482 0.886543 0.19862 0.00556718 0.289644 0.804125 0.431195 0.0232852 0.278041 0.968692 0.21503 0.0126448 0.156989 0.966793 0.429373 0.0451395 0.0763767 0.0746311 0.597533 0.546133 0.605533 0.828167 0.215229 0.337511 0.0196713 0.355526 0.0293703 0.484443 0.821296 0.396485 0.0231066 0.0648654 0.721042 0.635538 0.265215 0.155924 0.0340882 0.620633 0.820982 0.298621 0.0554004 0.0452895 0.627305 0.752222 0.226833 0.089298 0.0733138 0.0111096 0.00684434 0.18851 0.239975 0.8914 0.869136 0.624212 0.569002 0.0636716 0.0140454 0.0297471 0.430108 0.832497 0.558378 0.124148 0.361211 0.820153 0.492043 0.0239809 0.252234 0.923165 0.410732 0.00817598 0.0299656 0.431994 0.907135 0.494777 0.0559994 0.0265158 0.0269157 0.125282 0.123561 0.370359 0.368802 0.864212 0.896009 0.99595 0.998312 0.765781 0.774777 0.93502 0.844879 0.928954 0.236393 0.121382 0.00394219 0.366145 0.887973 0.96311 0.47002 0.114685 0.992006 0.748098 0.144476 0.964767 0.517955 0.152676 0.0139095 0.214832 0.0438517 0.227639 0.301242 0.118348 0.0592416 0.38436 0.233322 0.0414455 0.0127494 0.237828 0.163678 0.830523 0.856545 0.718222 0.747817 0.235117 0.241703 0.00514327 0.00197569 0.1052 0.720816 0.644065 0.246057 0.0278685 0.0287031 0.625345 0.801371 0.302389 0.00464126 0.137342 0.696807 0.838685 0.383001 0.0517534 0.325916 0.700064 0.755815 0.129412 0.192783 0.244661 0.0163117 0.0112761 0.884909 0.887975 0.4882 0.408238 0.0352281 0.00130303 0.0137738 0.462482 0.886543 0.19862 0.00556718 0.289644 0.804125 0.431195 0.0232852 0.278041 0.968692 0.21503 0.0126448 0.156989 0.966793 0.429373 0.0451395 0.0764181 0.0746311 0.597541 0.546133 0.605533 0.828167 0.215266 0.337511 0.0196713 0.355526 0.0293703 0.484443 0.821296 0.396485 0.0231258 0.0648654 0.721042 0.635538 0.265215 0.155924 0.0340882 0.620667 0.820982 0.298621 0.0554004 0.0452895 0.627268 0.752222 0.226833 0.089298 0.0733138 0.0111096 0.00684434 0.188521 0.239975 0.8914 0.869136 0.624212 0.569002 0.0636716 0.0140454 0.0297471 0.430108 0.832497 0.558378 0.124148 0.361211 0.820153 0.492043 0.0239809 0.252234 0.923165 0.410732 0.00817598 0.0299656 0.431994 0.907135 0.494777 0.0559994 0.0265158 0.0272286 0.125282 0.123561 0.370359 0.368802 0.864212 0.896009 0.99595 0.998313 0.765781 0.774777 0.93502 0.844879 0.928954 0.236393 0.121382 0.00394219 0.366145 0.887973 0.96311 0.47002 0.114685 0.992006 0.748098 0.144476 0.964767 0.517955 0.152673 0.0139095 0.214832 0.0438517 0.227639 0.301242 0.118348 0.0578989 0.38437 0.233322 0.0414455 0.0127494 1.0 1.0 1.0 1.0 0.762172 0.836322 0.150806 0.123995 1.0 1.0 0.8948 0.274647 1.0 1.0 0.971297 0.374655 1.0 1.0 0.862658 0.299633 0.237084 0.870588 1.0 1.0 0.5118 0.591762 0.964772 0.998697 1.0 1.0 1.0 1.0 1.0 1.0 0.986226 0.537518 1.0 1.0 1.0 0.710356 0.0501432 1.0 1.0 1.0 0.721959 0.00728813 1.0 1.0 0.99097 0.843011 0.0239392 1.0 1.0 1.0 1.0 0.923623 0.925369 0.356954 0.42593 0.028198 0.0705332 0.00516461 1.0 1.0 0.97063 0.484935 0.130616 0.0153383 1.0 1.0 0.935135 0.262126 0.0101425 0.990389 1.0 0.96554 0.357658 0.0773087 0.00866413 0.996211 1.0 0.95471 0.343431 0.0378949 0.00164056 0.00903017 1.0 1.0 1.0 1.0 0.993156 1.0 0.81149 0.760025 0.00698443 0.00164687 1.0 1.0 0.970253 0.569892 0.0595684 1.0 1.0 1.0 0.638789 0.0102368 1.0 1.0 0.976019 0.747766 1.0 1.0 0.970034 0.568006 0.874718 1.0 1.0 0.876439 1.0 1.0 0.629641 0.631198 0.135788 0.103991 0.00405009 0.0702588 0.763607 0.878618 0.996058 1.0 0.0368899 0.52998 0.885315 1.0 1.0 0.251902 0.855524 1.0 1.0 0.482045 0.847324 0.986091 1.0 1.0 1.0 1.0 1.0 0.762172 0.836322 0.150845 0.123995 1.0 1.0 0.8948 0.274647 1.0 1.0 0.971297 0.374655 1.0 1.0 0.862658 0.299633 0.237084 0.870588 1.0 1.0 0.5118 0.591762 0.964772 0.998697 1.0 1.0 1.0 1.0 1.0 1.0 0.986226 0.537518 1.0 1.0 1.0 0.710356 0.0501432 1.0 1.0 1.0 0.721959 0.00728813 1.0 1.0 0.99097 0.843011 0.0239392 1.0 1.0 1.0 1.0 0.923582 0.925369 0.356947 0.425877 0.028198 0.0705332 0.00516461 1.0 1.0 0.97063 0.484935 0.130616 0.0153383 1.0 1.0 0.935135 0.262126 0.0101425 0.990389 1.0 0.96554 0.357686 0.0773087 0.00866413 0.996211 1.0 0.95471 0.343435 0.0378949 0.00164056 0.00903017 1.0 1.0 1.0 1.0 0.993156 1.0 0.811479 0.760025 0.00698443 0.00164687 1.0 1.0 0.970253 0.569892 0.0595684 1.0 1.0 1.0 0.638789 0.0102368 1.0 1.0 0.976019 0.747766 1.0 1.0 0.970034 0.568006 0.874718 1.0 1.0 0.876439 1.0 1.0 0.629641 0.631198 0.135788 0.103991 0.00405009 0.0702588 0.763607 0.878618 0.996058 1.0 0.0368899 0.52998 0.885315 1.0 1.0 0.251902 0.855524 1.0 1.0 0.474912 0.845016 0.986091 1.0
          </float_array>
          <technique_common>
            <accessor count="2619" source="#human-male1591-skin-weights-array" stride="1">
              <param type="float" name="WEIGHT"></param>
            </accessor>
          </technique_common>
        </source>
        <source id="human-male1591-skin-poses">
          <float_array count="848" id="human-male1591-skin-poses-array">
            0.0000 1.0000 0.0000 0.0000
            0.0000 0.0000 1.0000 0.2658
            1.0000 0.0000 0.0000 0.0000
            0.0000 0.0000 0.0000 1.0000

            1.0000 0.0000 -0.0000 -0.0000
            -0.0000 0.9411 -0.3382 -8.3454
            0.0000 0.3382 0.9411 -3.0620
            0.0000 0.0000 0.0000 1.0000

            1.0000 -0.0000 -0.0000 0.0000
            0.0000 0.9924 0.1232 -9.6534
            0.0000 -0.1232 0.9924 1.4534
            0.0000 0.0000 0.0000 1.0000

            0.9009 0.0635 -0.4294 -1.5743
            0.1155 -0.9887 0.0960 8.6163
            -0.4184 -0.1361 -0.8980 1.6207
            0.0000 0.0000 0.0000 1.0000

            0.9009 -0.0635 0.4294 1.5743
            -0.1155 -0.9887 0.0960 8.6163
            0.4184 -0.1361 -0.8980 1.6207
            0.0000 0.0000 0.0000 1.0000

            1.0000 -0.0000 -0.0000 0.0000
            0.0000 0.9885 -0.1514 -10.3719
            0.0000 0.1514 0.9885 -1.4219
            0.0000 0.0000 0.0000 1.0000

            0.9921 0.1243 0.0177 -2.1668
            0.1248 -0.9918 -0.0277 5.0624
            0.0141 0.0297 -0.9995 0.1184
            0.0000 0.0000 0.0000 1.0000

            0.9921 -0.1243 -0.0177 2.1668
            -0.1248 -0.9918 -0.0277 5.0624
            -0.0141 0.0297 -0.9995 0.1184
            0.0000 0.0000 0.0000 1.0000

            1.0000 -0.0000 -0.0000 0.0000
            0.0000 0.9834 -0.1817 -10.9284
            0.0000 0.1817 0.9834 -1.7583
            0.0000 0.0000 0.0000 1.0000

            0.9921 0.1243 0.0177 -2.1668
            0.0398 -0.4451 0.8946 0.0850
            0.1191 -0.8868 -0.4465 0.4638
            0.0000 0.0000 0.0000 1.0000

            0.9921 -0.1243 -0.0177 2.1668
            -0.0398 -0.4451 0.8946 0.0850
            -0.1191 -0.8868 -0.4465 0.4638
            0.0000 0.0000 0.0000 1.0000

            -0.1771 -0.9793 0.0981 13.3897
            0.9834 -0.1801 -0.0225 2.2421
            0.0397 0.0925 0.9949 -1.5205
            0.0000 0.0000 0.0000 1.0000

            -0.1771 0.9793 -0.0981 -13.3897
            -0.9834 -0.1801 -0.0225 2.2421
            -0.0397 0.0925 0.9949 -1.5205
            0.0000 0.0000 0.0000 1.0000

            1.0000 0.0000 -0.0000 -0.0000
            0.0000 0.9473 0.3203 -13.6964
            0.0000 -0.3203 0.9473 4.4665
            0.0000 0.0000 0.0000 1.0000

            0.9874 0.1517 0.0460 -2.2001
            -0.0622 0.1036 0.9927 -1.3269
            0.1458 -0.9830 0.1117 -0.4034
            0.0000 0.0000 0.0000 1.0000

            0.9874 -0.1517 -0.0460 2.2001
            0.0622 0.1036 0.9927 -1.3269
            -0.1458 -0.9830 0.1117 -0.4034
            0.0000 0.0000 0.0000 1.0000

            -0.7528 -0.6556 0.0582 10.1541
            0.6562 -0.7545 -0.0106 8.8492
            0.0508 0.0302 0.9983 -0.7101
            0.0000 0.0000 0.0000 1.0000

            -0.7528 0.6556 -0.0582 -10.1541
            -0.6562 -0.7545 -0.0106 8.8492
            -0.0508 0.0302 0.9983 -0.7101
            0.0000 0.0000 0.0000 1.0000

            1.0000 0.0000 0.0000 -0.0000
            -0.0000 0.9999 -0.0130 -15.3723
            -0.0000 0.0130 0.9999 -0.6852
            0.0000 0.0000 0.0000 1.0000

            -0.7349 -0.6756 0.0587 10.3209
            0.5011 -0.4827 0.7183 3.6630
            -0.4570 0.5573 0.6933 -4.9370
            0.0000 0.0000 0.0000 1.0000

            -0.7349 0.6756 -0.0587 -10.3209
            -0.5011 -0.4827 0.7183 3.6630
            0.4570 0.5573 0.6933 -4.9370
            0.0000 0.0000 0.0000 1.0000

            -0.1201 -0.8846 -0.4507 10.5519
            0.3165 -0.4644 0.8271 1.4227
            -0.9409 -0.0433 0.3358 4.2921
            0.0000 0.0000 0.0000 1.0000

            -0.1201 0.8846 0.4507 -10.5519
            -0.3165 -0.4644 0.8271 1.4227
            0.9409 -0.0433 0.3358 4.2921
            0.0000 0.0000 0.0000 1.0000

            0.7478 -0.4933 -0.4444 2.3854
            0.1326 -0.5448 0.8280 1.9913
            -0.6506 -0.6781 -0.3420 11.0735
            0.0000 0.0000 0.0000 1.0000

            0.5770 -0.4295 -0.6947 3.1518
            0.2096 -0.7442 0.6342 4.1458
            -0.7894 -0.5115 -0.3394 10.1693
            0.0000 0.0000 0.0000 1.0000

            0.2619 -0.3204 -0.9103 3.9804
            0.2801 -0.8774 0.3894 5.7501
            -0.9235 -0.3570 -0.1401 8.7611
            0.0000 0.0000 0.0000 1.0000

            0.4709 -0.3315 -0.8175 2.9209
            0.3125 -0.8040 0.5059 4.5538
            -0.8250 -0.4937 -0.2750 9.9685
            0.0000 0.0000 0.0000 1.0000

            0.7159 0.0334 0.6974 -5.6509
            -0.6702 -0.2473 0.6997 3.9214
            0.1958 -0.9684 -0.1547 9.2457
            0.0000 0.0000 0.0000 1.0000

            0.7478 0.4933 0.4444 -2.3854
            -0.1326 -0.5448 0.8280 1.9913
            0.6506 -0.6781 -0.3420 11.0735
            0.0000 0.0000 0.0000 1.0000

            0.5770 0.4295 0.6947 -3.1518
            -0.2096 -0.7442 0.6342 4.1458
            0.7894 -0.5115 -0.3394 10.1693
            0.0000 0.0000 0.0000 1.0000

            0.2619 0.3204 0.9103 -3.9804
            -0.2801 -0.8774 0.3894 5.7501
            0.9235 -0.3570 -0.1401 8.7611
            0.0000 0.0000 0.0000 1.0000

            0.4709 0.3315 0.8175 -2.9209
            -0.3125 -0.8040 0.5059 4.5538
            0.8250 -0.4937 -0.2750 9.9685
            0.0000 0.0000 0.0000 1.0000

            0.7159 -0.0334 -0.6974 5.6509
            0.6702 -0.2473 0.6997 3.9214
            -0.1958 -0.9684 -0.1547 9.2457
            0.0000 0.0000 0.0000 1.0000

            0.7521 -0.4976 -0.4322 2.3626
            -0.0212 -0.6737 0.7387 4.0512
            -0.6587 -0.5464 -0.5172 10.4514
            0.0000 0.0000 0.0000 1.0000

            0.5904 -0.4827 -0.6469 3.4227
            0.1023 -0.7503 0.6532 4.3555
            -0.8006 -0.4518 -0.3936 9.8462
            0.0000 0.0000 0.0000 1.0000

            0.2732 -0.3620 -0.8912 4.2518
            0.1141 -0.9077 0.4037 6.6711
            -0.9552 -0.2120 -0.2067 7.7746
            0.0000 0.0000 0.0000 1.0000

            0.4946 -0.4047 -0.7691 3.3260
            0.1704 -0.8226 0.5425 5.0795
            -0.8522 -0.3994 -0.3379 9.4305
            0.0000 0.0000 0.0000 1.0000

            0.9112 0.1117 0.3965 -6.4806
            -0.3356 -0.3570 0.8718 2.6396
            0.2389 -0.9274 -0.2878 9.0163
            0.0000 0.0000 0.0000 1.0000

            0.7521 0.4976 0.4322 -2.3626
            0.0212 -0.6737 0.7387 4.0512
            0.6587 -0.5464 -0.5172 10.4514
            0.0000 0.0000 0.0000 1.0000

            0.5904 0.4827 0.6469 -3.4227
            -0.1023 -0.7503 0.6532 4.3555
            0.8006 -0.4518 -0.3936 9.8462
            0.0000 0.0000 0.0000 1.0000

            0.2732 0.3620 0.8912 -4.2518
            -0.1141 -0.9077 0.4037 6.6711
            0.9552 -0.2120 -0.2067 7.7746
            0.0000 0.0000 0.0000 1.0000

            0.4946 0.4047 0.7691 -3.3260
            -0.1704 -0.8226 0.5425 5.0795
            0.8522 -0.3994 -0.3379 9.4305
            0.0000 0.0000 0.0000 1.0000

            0.9112 -0.1117 -0.3965 6.4806
            0.3356 -0.3570 0.8718 2.6396
            -0.2389 -0.9274 -0.2878 9.0163
            0.0000 0.0000 0.0000 1.0000

            0.7496 -0.5215 -0.4076 2.5120
            -0.1274 -0.7180 0.6843 4.9644
            -0.6495 -0.4610 -0.6047 9.9136
            0.0000 0.0000 0.0000 1.0000

            0.5899 -0.4742 -0.6536 3.3709
            -0.0060 -0.8120 0.5837 5.4444
            -0.8075 -0.3404 -0.4818 9.1691
            0.0000 0.0000 0.0000 1.0000

            0.2708 -0.3438 -0.8992 4.1210
            0.1255 -0.9135 0.3870 6.5348
            -0.9544 -0.2176 -0.2042 7.8152
            0.0000 0.0000 0.0000 1.0000

            0.4875 -0.3579 -0.7964 3.0268
            0.0874 -0.8876 0.4523 6.1403
            -0.8688 -0.2901 -0.4014 8.7309
            0.0000 0.0000 0.0000 1.0000

            0.9301 0.1334 0.3422 -6.6060
            -0.2071 -0.5788 0.7887 4.1209
            0.3033 -0.8045 -0.5107 8.2272
            0.0000 0.0000 0.0000 1.0000

            0.7496 0.5215 0.4076 -2.5120
            0.1274 -0.7180 0.6843 4.9644
            0.6495 -0.4610 -0.6047 9.9136
            0.0000 0.0000 0.0000 1.0000

